10010|0:0 -0.0,
10020|1:1 -0.0,
10030|2:2 -1.77866866964e-09,
20030|3:3 -0.0, 2 1.77866866964e-09,
10040|4:4 -693.14718056,
20040|5:5 -0.0, 4 693.14718056, 10 346573.59028,
20060|6:6 -0.857749264398,
30060|7:7 -0.0, 6 0.857749264398,
30070|8:8 -0.0,
30080|9:9 -0.823215178812,
40080|10:10 -346573.59028, 9 0.823215178812,
40090|11:11 -0.0,
40100|12:12 -1.37284052398e-14,
50100|13:13 -0.0, 12 1.37284052398e-14,
40110|14:14 -0.0509667044529,
50110|15:15 -0.0, 14 0.0509667044529,
50120|16:16 -34.1451813084,
60120|17:17 -0.0, 16 34.1451813084,
60130|18:18 -0.0, 19 0.00115872146533,
70130|19:19 -0.00115872146533,
60140|20:20 -3.83377865354e-12,
70140|21:21 -0.0, 20 3.83377865354e-12,
60150|22:22 -0.283032740122,
70150|23:23 -0.0, 22 0.283032740122,
70160|24:24 -0.0973521321011,
80160|25:25 -0.0, 24 0.0973521321011,
80170|26:26 -0.0,
80180|27:27 -0.0,
80190|28:28 -0.0239016269159,
90190|29:29 -0.0, 28 0.0239016269159,
90200|30:30 -0.0608023842596,
100200|31:31 -0.0, 30 0.0608023842596,
100210|32:32 -0.0,
100220|33:33 -0.0, 34 8.44169017854e-09,
110220|34:34 -8.44169017854e-09,
100230|35:35 -0.0186129747734,
110230|36:36 -0.0, 35 0.0186129747734,
110240|37:37 -1.28360588993e-05, 38 34.8315166111,
110241|38:38 -34.8315166111,
120240|39:39 -0.0, 37 1.28360588993e-05,
110250|40:40 -0.011629986251,
120250|41:41 -0.0, 40 0.011629986251,
120260|42:42 -0.0,
120270|43:43 -0.0012209744241,
130270|44:44 -0.0, 43 0.0012209744241,
120280|45:45 -9.20758741445e-06,
130280|46:46 -0.00515734509345, 45 9.20758741445e-06,
140280|47:47 -0.0, 46 0.00515734509345,
130290|48:48 -0.00177184862106,
140290|49:49 -0.0, 48 0.00177184862106,
130300|50:50 -0.188099641943,
140300|51:51 -0.0, 50 0.188099641943,
140310|52:52 -7.34421678915e-05,
150310|53:53 -0.0, 52 7.34421678915e-05,
140320|54:54 -3.38146967841e-11,
150320|55:55 -5.61016560282e-07, 54 3.38146967841e-11,
160320|56:56 -0.0, 55 5.61016560282e-07,
150330|57:57 -3.20901472481e-07,
160330|58:58 -0.0, 57 3.20901472481e-07,
150340|59:59 -0.0558989661742,
160340|60:60 -0.0, 59 0.0558989661742,
160350|61:61 -9.11651910459e-08,
170350|62:62 -0.0, 61 9.11651910459e-08,
160360|63:63 -0.0, 64 1.3864403022e-15,
170360|64:64 -7.29705422213e-14,
180360|65:65 -0.0, 64 7.15841019191e-14,
160370|66:66 -0.00228309348011,
170370|67:67 -0.0, 66 0.00228309348011, 68 2.29063840238e-07,
180370|68:68 -2.29063840238e-07,
170380|69:69 -0.000310410739167, 70 0.968082654413,
170381|70:70 -0.968082654413,
180380|71:71 -0.0, 69 0.000310410739167,
180390|72:72 -8.1708375129e-11,
190390|73:73 -0.0, 72 8.1708375129e-11,
180400|74:74 -0.0, 75 1.83626512305e-18,
190400|75:75 -1.71613562902e-17,
200400|76:76 -0.0, 75 1.53250911671e-17,
180410|77:77 -0.000105389566757,
190410|78:78 -0.0, 77 0.000105389566757, 79 8.55737259951e-07,
200410|79:79 -8.55737259951e-07,
180420|80:80 -6.66047057869e-10,
190420|81:81 -1.55763411362e-05, 80 6.66047057869e-10,
200420|82:82 -0.0, 81 1.55763411362e-05,
190430|83:83 -8.51950811898e-06,
200430|84:84 -0.0, 83 8.51950811898e-06,
190440|85:85 -0.000525111500424,
200440|86:86 -0.0, 85 0.000525111500424,
200450|87:87 -4.92292031648e-08,
210450|88:88 -0.0, 87 4.92292031648e-08,
200460|89:89 -0.0,
210460|90:90 -9.57385608508e-08, 91 0.0371262549845,
210461|91:91 -0.0371262549845,
220460|92:92 -0.0, 90 9.57385608508e-08,
200470|93:93 -1.76868379832e-06,
210470|94:94 -2.39429077914e-06, 93 1.76868379832e-06,
220470|95:95 -0.0, 94 2.39429077914e-06,
200480|96:96 -0.0,
210480|97:97 -4.39535307901e-06,
220480|98:98 -0.0, 97 4.39535307901e-06,
200490|99:99 -0.00131277875106,
210490|100:100 -0.000200912226249, 99 0.00131277875106,
220490|101:101 -0.0, 100 0.000200912226249, 102 2.43124230291e-08,
230490|102:102 -2.43124230291e-08,
210500|103:103 -0.00676241151766,
220500|104:104 -0.0, 103 0.00676241151766, 105 3.8464217592e-25,
230500|105:105 -5.49488822742e-25,
240500|106:106 -0.0, 105 1.64846646823e-25,
220510|107:107 -0.00200563420301,
230510|108:108 -0.0, 107 0.00200563420301, 109 2.89535163141e-07,
240510|109:109 -2.89535163141e-07,
230520|110:110 -0.00308065413582,
240520|111:111 -0.0, 110 0.00308065413582,
230530|112:112 -0.00717543665176,
240530|113:113 -0.0, 112 0.00717543665176,
230540|114:114 -0.0126026760102,
240540|115:115 -0.0, 114 0.0126026760102, 116 2.56721177985e-08,
250540|116:116 -2.56721177985e-08,
260540|117:117 -0.0,
240550|118:118 -0.0032542121153,
250550|119:119 -0.0, 118 0.0032542121153, 120 8.45367419603e-09,
260550|120:120 -8.45367419603e-09,
250560|121:121 -7.46684456059e-05,
260560|122:122 -0.0, 121 7.46684456059e-05,
250570|123:123 -0.00717543665176,
260570|124:124 -0.0, 123 0.00717543665176,
250580|125:125 -0.0106148113409,
260580|126:126 -0.0, 125 0.0106148113409, 127 1.13351951032e-07,
270580|127:127 -1.13351951032e-07, 128 2.1042719507e-05,
270581|128:128 -2.1042719507e-05,
280580|129:129 -0.0,
260590|130:130 -1.78278595823e-07,
270590|131:131 -0.0, 130 1.78278595823e-07, 132 8.664339757e-07,
280590|132:132 -8.664339757e-07,
270600|133:133 -4.16805279952e-09, 134 0.00110062768642,
270601|134:134 -0.0011033861518,
280600|135:135 -0.0, 133 4.16805279952e-09,
270610|136:136 -0.000116691444539,
280610|137:137 -0.0, 136 0.000116691444539,
270620|138:138 -0.00770163533955,
280620|139:139 -0.0, 138 0.00770163533955, 140 0.00118608347118,
290620|140:140 -0.00118608347118,
280630|141:141 -2.38908183801e-10,
290630|142:142 -0.0, 141 2.38908183801e-10, 143 0.000300063714528,
300630|143:143 -0.000300063714528,
280640|144:144 -0.0, 145 9.52091927803e-06,
290640|145:145 -1.51606994873e-05,
300640|146:146 -0.0, 145 5.63978020928e-06,
280650|147:147 -7.64051124956e-05,
290650|148:148 -0.0, 147 7.64051124956e-05, 149 3.28973507622e-08,
300650|149:149 -3.28973507622e-08,
280660|150:150 -3.52567233245e-06,
290660|151:151 -0.00226518686457, 150 3.52567233245e-06,
300660|152:152 -0.0, 151 0.00226518686457,
290670|153:153 -3.11247050094e-06,
300670|154:154 -0.0, 153 3.11247050094e-06,
300680|155:155 -0.0,
300690|156:156 -0.000202674614199, 157 1.3987469447e-05,
300691|157:157 -1.39916669471e-05,
310690|158:158 -0.0, 156 0.000202674614199,
300700|159:159 -0.0,
310700|160:160 -0.000547509621295,
320700|161:161 -0.0, 160 0.000547509621295,
300710|162:162 -0.00481352208722, 163 2.45587861593e-08,
300711|163:163 -4.91175723186e-05,
310710|164:164 -0.0, 162 0.00481352208722, 165 6.7987600102e-07,
320710|165:165 -6.7987600102e-07, 166 31.65055619,
320711|166:166 -31.65055619,
270720|167:167 -5.64912127596,
280720|168:168 -0.286542860918, 167 5.64912127596,
290720|169:169 -0.115486034748, 168 0.286542860918,
300720|170:170 -4.14066416105e-06, 169 0.115486034748,
310720|171:171 -1.36553818077e-05, 170 4.14066416105e-06, 172 17.4684269294,
310721|172:172 -17.4684269294,
320720|173:173 -0.0, 171 1.36553818077e-05,
270730|174:174 -6.00127429056,
280730|175:175 -1.76149219964, 174 6.00127429056,
290730|176:176 -0.175569194671, 175 1.76149219964,
300730|177:177 -0.0294956247047, 176 0.175569194671,
310730|178:178 -3.94506078862e-05, 177 0.0294956247047,
320730|179:179 -0.0, 178 3.94506078862e-05, 180 1.30782486898,
320731|180:180 -1.30782486898, 178 3.94506078862e-05,
270740|181:181 -6.44788074939,
280740|182:182 -1.06917658578, 181 6.44788074939,
290740|183:183 -1.20946986662, 182 1.06917658578,
300740|184:184 -0.00729628611116, 183 1.20946986662,
310740|185:185 -0.00142622876658, 184 0.00729628611116,
320740|186:186 -0.0, 185 0.00142622876658,
340740|187:187 -0.0,
270750|188:188 -8.64704566567,
280750|189:189 -3.85939410111, 188 8.64704566567,
290750|190:190 -0.904183642786, 189 3.85939410111,
300750|191:191 -0.0770163533955, 190 0.904183642786,
310750|192:192 -0.00608023842596, 191 0.0770163533955,
320750|193:193 -0.00013952237934, 192 0.00608023842596, 194 0.0141747889685,
320751|194:194 -0.0141747889685, 192 0.000243209537039,
330750|195:195 -0.0, 193 0.00013952237934, 196 6.69707420831e-08,
340750|196:196 -6.69707420831e-08,
280760|197:197 -2.58251557586,
290760|198:198 -3.13499403238, 197 2.58251557586,
300760|199:199 -0.128360588993, 198 3.13499403238,
310760|200:200 -0.0255773867365, 199 0.128360588993,
320760|201:201 -0.0, 200 0.0255773867365,
330760|202:202 -7.3155375257e-06,
340760|203:203 -0.0, 202 7.3155375257e-06,
280770|204:204 -6.7426768537,
290770|205:205 -2.35284175343, 204 6.7426768537,
300770|206:206 -0.495105128971, 205 2.35284175343,
310770|207:207 -0.0533190138892, 206 0.495105128971,
320770|208:208 -1.7039016238e-05, 207 0.0533190138892, 209 0.00268067970382,
320771|209:209 -0.0127651414468, 207 0.0469207322225,
330770|210:210 -4.96168346858e-06, 208 1.7039016238e-05,
340770|211:211 -0.0, 210 4.96168346858e-06, 212 0.0396084103177,
340771|212:212 -0.0396084103177, 210 1.23049750021e-08,
280780|213:213 -5.03740683546,
290780|214:214 -5.74748905937, 213 5.03740683546,
300780|215:215 -0.285363186727, 214 5.74748905937,
310780|216:216 -0.141458608278, 215 0.285363186727,
320780|217:217 -0.000132786816199, 216 0.141458608278,
330780|218:218 -0.000127369933951, 217 0.000132786816199,
340780|219:219 -0.0, 218 0.000127369933951,
360780|220:220 -0.0,
290790|221:221 -4.70249104857,
300790|222:222 -1.81404653379, 221 4.70249104857,
310790|223:223 -0.242359154042, 222 1.81404653379,
320790|224:224 -0.0161197018735, 223 0.242359154042,
330790|225:225 -0.00128360588993, 224 0.0161197018735,
340790|226:226 -3.38120575883e-13, 225 0.00128360588993, 227 0.00296978226461,
340791|227:227 -0.00296978226461, 225 0.00128360588993,
350790|228:228 -0.0, 226 3.38120575883e-13, 229 0.142622876658, 230 5.51693075899e-06,
350791|229:229 -0.142622876658, 227 0.00296978226461,
360790|230:230 -5.51693075899e-06, 231 0.0126026760102,
360791|231:231 -0.0126026760102, 229 0.142622876658,
290800|232:232 -7.60864084039,
300800|233:233 -0.974479376578, 232 7.60864084039,
310800|234:234 -0.407733635623, 233 0.974479376578,
320800|235:235 -0.0288811325233, 234 0.407733635623,
330800|236:236 -0.0420089200339, 235 0.0288811325233,
340800|237:237 -0.0, 236 0.0420089200339, 238 5.48409550903e-05,
350800|238:238 -0.000663934080996, 239 4.35667618202e-05,
350801|239:239 -4.35667618202e-05,
360800|240:240 -0.0, 238 0.000609093125906,
290810|241:241 -9.30773708285,
300810|242:242 -5.35662427017, 241 9.30773708285,
310810|243:243 -0.982769290458, 242 5.35662427017,
320810|244:244 -0.0686284337188, 243 0.982769290458,
330810|245:245 -0.0216608493925, 244 0.0686284337188,
340810|246:246 -0.000624456919423, 245 0.0216608493925, 247 0.000201613490564,
340811|247:247 -0.000201613490564,
350810|248:248 -0.0, 246 0.000624456919423, 249 1.04657584261e-13,
360810|249:249 -1.04657584261e-13, 250 0.0521163293654,
360811|250:250 -0.0521163293654,
300820|251:251 -5.12303902853,
310820|252:252 -4.50680871625, 251 5.12303902853,
320820|253:253 -0.150684169687, 252 4.50680871625,
330820|254:254 -0.0330070085981, 253 0.150684169687,
330821|255:255 -0.0533190138892,
340820|256:256 -0.0, 254 0.0330070085981,
350820|257:257 -5.45355767553e-06, 258 0.00183934651503,
350821|258:258 -0.00188457634736,
360820|259:259 -0.0, 257 5.45355767553e-06,
300830|260:260 -8.26552802957,
310830|261:261 -4.6929396111, 260 8.26552802957,
320830|262:262 -0.364814305558, 261 4.6929396111,
330830|263:263 -0.051344235597, 262 0.364814305558,
340830|264:264 -0.00051344235597, 263 0.051344235597,
340831|265:265 -0.00990210257943, 263 0.0328603107821,
350830|266:266 -8.05610391167e-05, 264 0.00051344235597,
360830|267:267 -0.0, 266 8.05610391167e-05, 268 0.000105213597535,
360831|268:268 -0.000105213597535, 266 8.05368708049e-05,
310840|269:269 -7.01069263234,
320840|270:270 -0.577622650467, 269 7.01069263234,
330840|271:271 -0.119508134579, 270 0.577622650467,
340840|272:272 -0.00350074333616, 271 0.119508134579,
350840|273:273 -0.000363284685828, 272 0.00350074333616,
350841|274:274 -0.00192540883489,
360840|275:275 -0.0, 273 0.000363284685828,
380840|276:276 -0.0,
310850|277:277 -7.53666609286,
320850|278:278 -2.9596378333, 277 7.53666609286,
330850|279:279 -0.341451813084, 278 2.9596378333,
340850|280:280 -0.0177730046297, 279 0.341451813084,
340851|281:281 -0.0364814305558,
350850|282:282 -0.00402992546837, 280 0.0177730046297,
360850|283:283 -2.04891274183e-09, 282 0.00402992546837, 284 9.06720738364e-06,
360851|284:284 -4.29725468419e-05, 282 0.00402992546837,
370850|285:285 -0.0, 283 2.04891274183e-09, 286 1.2373209221e-07,
380850|286:286 -1.2373209221e-07, 287 0.000141930136972,
380851|287:287 -0.00016503504299,
320860|288:288 -2.67727763832,
330860|289:289 -0.770163533955, 288 2.67727763832,
340860|290:290 -0.0417558542506, 289 0.770163533955,
350860|291:291 -0.0126026760102, 290 0.0417558542506,
350861|292:292 -0.154032706791, 290 0.0208779271253,
360860|293:293 -0.0, 291 0.0126026760102,
370860|294:294 -4.29992047494e-07, 295 0.0113481856673,
370861|295:295 -0.0113481856673,
380860|296:296 -0.0, 294 4.29992047494e-07,
320870|297:297 -5.52308510406,
330870|298:298 -2.31049060187, 297 5.52308510406,
340870|299:299 -0.123776282243, 298 2.31049060187,
350870|300:300 -0.0124219924832, 299 0.123776282243,
360870|301:301 -0.000151408296322, 300 0.0124219924832,
370870|302:302 -4.67710648151e-19, 301 0.000151408296322,
380870|303:303 -0.0, 302 4.67710648151e-19, 304 6.84225484177e-05,
380871|304:304 -6.86284337188e-05,
320880|305:305 -4.85737337463,
330880|306:306 -5.33600600893, 305 4.85737337463,
340880|307:307 -0.462098120373, 306 5.33600600893,
350880|308:308 -0.0425243669055, 307 0.462098120373,
360880|309:309 -6.7822620407e-05, 308 0.0425243669055,
370880|310:310 -0.000649014214007, 309 6.7822620407e-05,
380880|311:311 -0.0, 310 0.000649014214007,
330890|312:312 -5.35662427017,
340890|313:313 -1.69060287941, 312 5.35662427017,
350890|314:314 -0.154032706791, 313 1.69060287941,
360890|315:315 -0.00364430694301, 314 0.154032706791,
370890|316:316 -0.000760029803246, 315 0.00364430694301,
380890|317:317 -1.58869397332e-07, 316 0.000760029803246,
390890|318:318 -0.0, 317 1.58869397332e-07, 319 0.0431598493499, 320 3.95663333946e-09,
390891|319:319 -0.0431598493499, 320 2.45056000379e-06,
400890|320:320 -2.45448718329e-06,
330900|321:321 -7.69394139816,
340900|322:322 -1.25004000101, 321 7.69394139816,
350900|323:323 -0.43321698785, 322 1.25004000101,
360900|324:324 -0.0214463855371, 323 0.43321698785,
370900|325:325 -0.00453037372915, 324 0.0214463855371, 326 0.000115524530093,
370901|326:326 -0.00268661697891, 324 0.00261645903553,
380900|327:327 -7.54240675256e-10, 325 0.00453037372915,
390900|328:328 -3.00845130451e-06, 327 7.54240675256e-10, 329 6.18615225661e-05,
390901|329:329 -6.21099624158e-05,
400900|330:330 -0.0, 328 3.00845130451e-06, 331 0.835117085012,
400901|331:331 -0.835117085012, 329 6.21099624158e-05,
340910|332:332 -3.75689528759,
350910|333:333 -1.15524530093, 332 3.75689528759,
360910|334:334 -0.0796720897195, 333 1.15524530093,
370910|335:335 -0.0119097453704, 334 0.0796720897195,
380910|336:336 -2.02674614199e-05, 335 0.0119097453704,
390910|337:337 -1.37121103968e-07, 336 2.02674614199e-05, 338 0.000232365799718,
390911|338:338 -0.000232365799718, 336 1.17551276235e-05,
400910|339:339 -0.0, 337 1.37121103968e-07, 340 2.19795529097e-12,
410910|340:340 -2.19795529097e-12,
340920|341:341 -2.79720411848,
350920|342:342 -2.31049060187, 341 2.79720411848,
360920|343:343 -0.376710424217, 342 2.31049060187,
370920|344:344 -0.154720352804, 343 0.376710424217,
380920|345:345 -7.10482964904e-05, 344 0.154720352804,
390920|346:346 -5.44071570298e-05, 345 7.10482964904e-05,
400920|347:347 -0.0, 346 5.44071570298e-05, 348 7.89619764964e-07,
410920|348:348 -7.89619764964e-07,
420920|349:349 -0.0,
340930|350:350 -6.49014214007,
350930|351:351 -3.44506550974, 350 6.49014214007,
360930|352:352 -0.545785181543, 351 3.44506550974,
370930|353:353 -0.119508134579, 352 0.545785181543,
380930|354:354 -0.00154032706791, 353 0.119508134579,
390930|355:355 -1.90634538108e-05, 354 0.00154032706791,
400930|356:356 -1.43568181558e-14, 355 1.90634538108e-05,
410930|357:357 -0.0, 356 1.43568181558e-14, 358 1.61497479161e-09, 359 6.27850707029e-12,
410931|358:358 -1.61497479161e-09, 356 1.3638977248e-14,
420930|359:359 -6.27850707029e-12, 360 2.81081581736e-05,
420931|360:360 -2.81081581736e-05, 358 1.61497479161e-09,
350940|361:361 -6.27282516344,
360940|362:362 -3.30070085981, 361 6.27282516344,
370940|363:363 -0.257675531807, 362 3.30070085981,
380940|364:364 -0.00916861349947, 363 0.257675531807,
390940|365:365 -0.000604840471693, 364 0.00916861349947,
400940|366:366 -0.0, 365 0.000604840471693,
410940|367:367 -1.08202806831e-12, 368 0.00183658166691,
410941|368:368 -0.00184543977785,
420940|369:369 -0.0, 367 1.08202806831e-12,
350950|370:370 -5.94465849537,
360950|371:371 -1.38629436112, 370 5.94465849537,
370950|372:372 -1.92540883489, 371 1.38629436112,
380950|373:373 -0.0266595069446, 372 1.92540883489,
390950|374:374 -0.00110023361994, 373 0.0266595069446,
400950|375:375 -1.25388419059e-07, 374 0.00110023361994,
410950|376:376 -2.28234172065e-07, 375 1.25388419059e-07, 377 2.22305061116e-06,
410951|377:377 -2.22305061116e-06, 375 8.77718933415e-10,
420950|378:378 -0.0, 376 2.28234172065e-07,
350960|379:379 -8.2724332326,
360960|380:380 -1.57390367975, 379 8.2724332326,
370960|381:381 -3.34853710415, 380 1.57390367975,
380960|382:382 -0.17328679514, 381 3.34853710415,
390960|383:383 -0.00502280565623, 382 0.17328679514,
400960|384:384 -0.0, 383 0.00502280565623,
410960|385:385 -8.24586224792e-06,
420960|386:386 -0.0, 385 8.24586224792e-06,
440960|387:387 -0.0,
360970|388:388 -4.66765778155,
370970|389:389 -4.07733635623, 388 4.66765778155,
380970|390:390 -3.4657359028, 389 4.07733635623,
390970|391:391 -0.624456919423, 390 3.4657359028,
400970|392:392 -1.13929516857e-05, 391 0.624456919423,
410970|393:393 -0.000160228197078, 392 1.13929516857e-05, 394 0.0115524530093,
410971|394:394 -0.0115524530093, 392 1.07811501802e-05,
420970|395:395 -0.0, 393 0.000160228197078, 396 2.66595069446e-08,
430970|396:396 -2.66595069446e-08, 397 8.91392979115e-08, 398 2.76373768083e-06,
430971|397:397 -8.91392979115e-08, 398 2.08552663265e-09,
440970|398:398 -2.76595044118e-06,
360980|399:399 -3.09026830388,
370980|400:400 -4.95105128971, 399 3.09026830388,
380980|401:401 -0.815467271247, 400 4.95105128971,
390980|402:402 -2.31049060187, 401 0.815467271247,
400980|403:403 -0.0223595864697, 402 2.31049060187,
410980|404:404 -0.247552564486, 403 0.0223595864697,
410981|405:405 -0.000224319475909,
420980|406:406 -0.0, 404 0.247552564486,
430980|407:407 -5.23129947592e-15,
440980|408:408 -0.0, 407 5.23129947592e-15,
370990|409:409 -9.12035763895,
380990|410:410 -1.23776282243, 409 9.12035763895,
390990|411:411 -0.8664339757, 410 1.23776282243,
400990|412:412 -0.288811325233, 411 0.8664339757,
410990|413:413 -0.0484718308084, 412 0.288811325233,
410991|414:414 -0.00444325115744,
420990|415:415 -2.91728611347e-06, 413 0.0484718308084,
430990|416:416 -1.0311621252e-13, 415 2.91728611347e-06, 417 3.19864873355e-05,
430991|417:417 -3.19864873355e-05, 415 2.55408399234e-06,
440990|418:418 -0.0, 416 1.0311621252e-13,
371000|419:419 -6.89013101948,
381000|420:420 -0.662664608566, 419 6.89013101948,
391000|421:421 -0.916497660399, 420 0.662664608566,
401000|422:422 -0.0976263634591, 421 0.916497660399,
411000|423:423 -0.288811325233, 422 0.0976263634591,
411001|424:424 -0.287612937992, 422 0.0488131817296,
421000|425:425 -0.0, 423 0.288811325233,
431000|426:426 -0.043870074719,
441000|427:427 -0.0, 426 0.043870074719,
371010|428:428 -6.11780388844,
381010|429:429 -2.75167598476, 428 6.11780388844,
391010|430:430 -0.710046282073, 429 2.75167598476,
401010|431:431 -0.21004460017, 430 0.710046282073,
411010|432:432 -0.0990210257943, 431 0.21004460017,
421010|433:433 -0.000790181464387, 432 0.0990210257943,
431010|434:434 -0.000813553028826, 433 0.000790181464387,
441010|435:435 -0.0, 434 0.000813553028826,
381020|436:436 -1.67144244167,
391020|437:437 -2.54272626764, 436 1.67144244167,
401020|438:438 -0.0242189790552, 437 2.54272626764,
411020|439:439 -0.231049060187, 438 0.0242189790552,
421020|440:440 -0.00104076153237, 439 0.231049060187,
431020|441:441 -0.131277875106, 440 0.00104076153237, 442 0.000132786816199,
431021|442:442 -0.00265573632398,
441020|443:443 -0.0, 441 0.131277875106, 444 7.57915617575e-09,
451020|444:444 -7.57915617575e-09,
461020|445:445 -0.0,
381030|446:446 -5.0010619088,
391030|447:447 -1.89384475563, 446 5.0010619088,
401030|448:448 -0.391608576588, 447 1.89384475563,
411030|449:449 -0.0442340255622, 448 0.391608576588,
421030|450:450 -0.0115524530093, 449 0.0442340255622,
431030|451:451 -0.0138629436112, 450 0.0115524530093,
441030|452:452 -2.04227218786e-07, 451 0.0138629436112,
451030|453:453 -0.0, 452 2.04227218786e-07, 454 0.000205864918491, 455 4.73138007208e-07,
451031|454:454 -0.000205864918491, 452 1.83927033239e-07,
461030|455:455 -4.73138007208e-07,
381040|456:456 -3.60076457434,
391040|457:457 -4.80684591234, 456 3.60076457434,
401040|458:458 -0.183226851853, 457 4.80684591234,
411040|459:459 -0.69314718056, 458 0.183226851853,
421040|460:460 -0.00722028313083, 459 0.69314718056,
431040|461:461 -0.000634750165348, 460 0.00722028313083,
441040|462:462 -0.0, 461 0.000634750165348, 463 7.37390617617e-05,
451040|463:463 -0.0163864581693, 464 0.00265839511991,
451041|464:464 -0.0026618555321,
461040|465:465 -0.0, 463 0.0163127191075,
391050|466:466 -3.99278329816,
401050|467:467 -1.24086498489, 466 3.99278329816,
411050|468:468 -0.385081766978, 467 1.24086498489,
421050|469:469 -0.0128360588993, 468 0.385081766978,
431050|470:470 -0.00144405662617, 469 0.0128360588993,
441050|471:471 -4.33759186834e-05, 470 0.00144405662617,
451050|472:472 -5.44498963519e-06, 471 4.33759186834e-05, 473 0.0154032706791,
451051|473:473 -0.0154032706791, 471 1.21452572313e-05,
461050|474:474 -0.0, 472 5.44498963519e-06,
391060|475:475 -7.45961236074,
401060|476:476 -0.707220875992, 475 7.45961236074,
411060|477:477 -1.29511805037, 476 0.707220875992,
421060|478:478 -0.0770163533955, 477 1.29511805037,
431060|479:479 -0.0187337075827, 478 0.0770163533955,
441060|480:480 -2.17902288765e-08, 479 0.0187337075827,
451060|481:481 -0.0231821799518, 480 2.17902288765e-08,
451061|482:482 -8.7518583404e-05,
461060|483:483 -0.0, 481 0.0231821799518, 484 9.4382786024e-07,
471060|484:484 -9.4382786024e-07,
481060|485:485 -0.0,
391070|486:486 -6.62664608566,
401070|487:487 -2.78932467026, 486 6.62664608566,
411070|488:488 -1.03547532202, 487 2.78932467026,
421070|489:489 -0.108456764287, 488 1.03547532202,
431070|490:490 -0.0239016269159, 489 0.108456764287,
441070|491:491 -0.00275058404984, 490 0.0239016269159,
451070|492:492 -0.000532371106421, 491 0.00275058404984,
461070|493:493 -3.38120575883e-15, 492 0.000532371106421, 494 0.032542121153,
461071|494:494 -0.032542121153,
471070|495:495 -0.0, 493 3.38120575883e-15, 496 2.96723964281e-05,
481070|496:496 -2.96723964281e-05,
401080|497:497 -1.70055736153,
411080|498:498 -3.12228459712, 497 1.70055736153,
421080|499:499 -0.462098120373, 498 3.12228459712,
431080|500:500 -0.133297534723, 499 0.462098120373,
441080|501:501 -0.00256721177985, 500 0.133297534723,
451080|502:502 -0.0412587607476, 501 0.00256721177985,
451081|503:503 -0.00195804288294,
461080|504:504 -0.0, 502 0.0412587607476, 505 0.000114549639544,
471080|505:505 -0.00487445274655, 506 1.53917412849e-11,
471081|506:506 -1.72940913313e-10,
481080|507:507 -0.0, 505 0.00475990310701,
401090|508:508 -4.99745624052,
411090|509:509 -2.42274442698, 508 4.99745624052,
421090|510:510 -0.671004047009, 509 2.42274442698,
431090|511:511 -0.0135911211874, 510 0.671004047009,
441090|512:512 -0.0198042051589, 511 0.0135911211874,
451090|513:513 -0.00770163533955, 512 0.0198042051589, 514 0.0138629436112,
451091|514:514 -0.0138629436112, 512 0.00990210257943,
461090|515:515 -1.43034911383e-05, 513 0.00770163533955, 516 0.00246320959687,
461091|516:516 -0.00246320959687, 514 0.0138629436112, 513 0.00385081766978,
471090|517:517 -0.0, 515 1.43034911383e-05, 518 0.0175037166808,
471091|518:518 -0.0175037166808, 516 0.00246320959687, 519 1.72897775146e-08, 515 1.42963393927e-05,
481090|519:519 -1.72897775146e-08,
411100|520:520 -5.50991399491,
421100|521:521 -0.366356860761, 520 5.50991399491,
431100|522:522 -0.835117085012, 521 0.366356860761,
441100|523:523 -0.043321698785, 522 0.835117085012,
451100|524:524 -0.0239016269159, 523 0.043321698785,
451101|525:525 -0.231049060187,
461100|526:526 -0.0, 524 0.0239016269159, 527 8.45301439707e-05,
471100|527:527 -0.0281767146569, 528 4.26996642031e-10,
471101|528:528 -3.2105010679e-08,
481100|529:529 -0.0, 527 0.0280921845129,
411110|530:530 -4.44040474414,
421110|531:531 -1.76958687914, 530 4.44040474414,
431110|532:532 -0.51882273994, 531 1.76958687914,
441110|533:533 -0.0449511790246, 532 0.51882273994,
451110|534:534 -0.0110023361994, 533 0.0449511790246,
461110|535:535 -0.000525111500424, 534 0.0110023361994, 536 2.38050546859e-05,
461111|536:536 -3.50074333616e-05, 534 4.40093447975e-05,
471110|537:537 -1.07681712065e-06, 535 0.000525111500424, 538 0.0106638027778,
471111|538:538 -0.0106638027778, 536 3.50074333616e-05, 535 0.000520910608421,
481110|539:539 -0.0, 537 1.07681712065e-06, 540 0.000237216694237,
481111|540:540 -0.000237216694237, 538 0.0106638027778,
411120|541:541 -8.14509025335,
421120|542:542 -1.00572719176, 541 8.14509025335,
431120|543:543 -1.95087863935, 542 1.00572719176,
441120|544:544 -0.990210257943, 543 1.95087863935,
451120|545:545 -0.147478123523, 544 0.990210257943,
461120|546:546 -9.57914843228e-06, 545 0.147478123523,
471120|547:547 -6.15037427294e-05, 546 9.57914843228e-06,
481120|548:548 -0.0, 547 6.15037427294e-05,
501120|549:549 -0.0,
421130|550:550 -3.51672846555,
431130|551:551 -1.51243111621, 550 3.51672846555,
441130|552:552 -0.250595509964, 551 1.51243111621,
451130|553:553 -0.770163533955, 552 0.250595509964,
461130|554:554 -0.00770163533955, 553 0.770163533955,
471130|555:555 -3.63284685828e-05, 554 0.00770163533955,
471131|556:556 -0.0105022300085, 554 0.000770163533955,
481130|557:557 -0.0, 555 3.63284685828e-05, 558 1.50553253814e-12,
481131|558:558 -1.50553253814e-09, 556 0.0105022300085, 555 4.72270091576e-07,
491130|559:559 -0.0, 560 0.000116124506711,
491131|560:560 -0.000116124506711, 558 1.50553253814e-09, 561 6.96980573715e-08, 562 0.000577622650467,
501130|561:561 -6.96980573715e-08,
501131|562:562 -0.000577622650467, 560 0.000116124506711,
421140|563:563 -2.15597878868,
431140|564:564 -3.99738858454, 563 2.15597878868,
441140|565:565 -0.137175377115, 564 3.99738858454,
451140|566:566 -0.407733635623, 565 0.137175377115,
461140|567:567 -0.00481352208722, 566 0.407733635623,
471140|568:568 -0.153351146142, 567 0.00481352208722,
481140|569:569 -0.0, 568 0.153351146142, 570 0.000325268231879,
491140|570:570 -0.00964043366565, 571 1.55058871388e-07,
491141|571:571 -1.62025988911e-07,
501140|572:572 -0.0, 570 0.00931516543377,
421150|573:573 -5.97540672897,
431150|574:574 -3.11526822724, 573 5.97540672897,
441150|575:575 -0.950297752344, 574 3.11526822724,
451150|576:576 -0.115102487639, 575 0.950297752344,
461150|577:577 -0.0182407152779, 576 0.115102487639,
471150|578:578 -0.000577622650467, 577 0.0182407152779,
471151|579:579 -0.0407733635623, 577 0.00492499312503,
481150|580:580 -3.60076457434e-06, 578 0.000577622650467,
481151|581:581 -1.79898048419e-07, 579 0.0407733635623, 578 1.18181594285e-05,
491150|582:582 -4.39535307901e-23, 580 3.60076457434e-06, 583 4.31202025116e-05,
491151|583:583 -4.47769496486e-05, 581 1.79898048419e-07, 580 3.60076457434e-06,
501150|584:584 -0.0, 582 4.39535307901e-23,
431160|585:585 -6.52680960979,
441160|586:586 -0.493343189011, 585 6.52680960979,
451160|587:587 -0.831809889067, 586 0.493343189011,
461160|588:588 -0.0495105128971, 587 0.831809889067,
471160|589:589 -0.00431061679453, 588 0.0495105128971,
471161|590:590 -0.0666487673615, 588 0.0247552564486,
481160|591:591 -0.0, 589 0.00431061679453,
491160|592:592 -0.0491593745078,
491161|593:593 -0.000213341699157,
501160|594:594 -0.0, 592 0.0491593745078,
431170|595:595 -5.12682825858,
441170|596:596 -2.2439209471, 595 5.12682825858,
451170|597:597 -0.644188829517, 596 2.2439209471,
461170|598:598 -0.138629436112, 597 0.644188829517,
471170|599:599 -0.00946922377814, 598 0.138629436112,
471171|600:600 -0.130782486898, 598 0.069314718056,
481170|601:601 -7.40541859573e-05, 599 0.00946922377814,
481171|602:602 -5.66296716144e-05, 600 0.130782486898, 599 0.00189384475563,
491170|603:603 -0.000262555750212, 601 7.40541859573e-05, 604 4.66465027009e-05,
491171|604:604 -9.9247878087e-05, 602 5.66296716144e-05, 601 6.88703929403e-05,
501170|605:605 -0.0, 603 0.000262555750212, 606 5.72848909554e-07,
501171|606:606 -5.72848909554e-07, 604 9.9247878087e-05,
431180|607:607 -8.97626496452,
441180|608:608 -1.12469119026, 607 8.97626496452,
451180|609:609 -2.34726441097, 608 1.12469119026,
461180|610:610 -0.223595864697, 609 2.34726441097,
471180|611:611 -0.187337075827, 610 0.223595864697, 612 0.101496551439,
471181|612:612 -0.247552564486, 610 0.111797932348,
481180|613:613 -0.000229671033983, 611 0.187337075827,
491180|614:614 -0.138629436112, 613 0.000229671033983,
491181|615:615 -0.00259605685603,
501180|616:616 -0.0, 614 0.138629436112,
441190|617:617 -3.91387453732,
451190|618:618 -1.54824029609, 617 3.91387453732,
461190|619:619 -0.404875689579, 618 1.54824029609,
471190|620:620 -0.115524530093, 619 0.404875689579,
481190|621:621 -0.00122898436269, 620 0.115524530093,
481191|622:622 -0.00361014156542, 620 0.0577622650467,
491190|623:623 -0.00462098120373, 621 0.00122898436269, 624 3.20901472481e-05,
491191|624:624 -0.000641802944963, 622 0.00361014156542, 621 0.00122898436269,
501190|625:625 -0.0, 623 0.00462098120373, 626 3.27419546793e-08,
501191|626:626 -3.27419546793e-08, 624 0.000641802944963, 623 0.000231049060187,
441200|627:627 -2.36407633206,
451200|628:628 -4.26814766355, 627 2.36407633206,
461200|629:629 -0.162253553502, 628 4.26814766355,
471200|630:630 -0.592433487658, 629 0.162253553502,
481200|631:631 -0.0136446295386, 630 0.592433487658,
491200|632:632 -0.0156114229856, 631 0.0136446295386,
491201|633:633 -0.225047785896, 631 0.00682231476929,
501200|634:634 -0.0, 632 0.0156114229856,
521200|635:635 -0.0,
451210|636:636 -3.13641258172,
461210|637:637 -1.11420540196, 636 3.13641258172,
471210|638:638 -0.231049060187, 637 1.11420540196,
481210|639:639 -0.0541521234812, 638 0.231049060187,
491210|640:640 -0.0247552564486, 639 0.0541521234812,
491211|641:641 -0.00350074333616, 639 0.00974738222662,
501210|642:642 -7.18436132421e-06, 640 0.0247552564486,
501211|643:643 -4.39535307901e-10, 641 0.00350074333616,
511210|644:644 -0.0, 642 7.18436132421e-06, 645 4.71849680436e-07,
521210|645:645 -4.71849680436e-07, 646 4.61403758059e-08,
521211|646:646 -5.20771735958e-08,
451220|647:647 -6.58259430731,
461220|648:648 -0.545785181543, 647 6.58259430731,
471220|649:649 -6.9314718056, 648 0.545785181543,
481220|650:650 -0.126026760102, 649 6.9314718056,
491220|651:651 -0.069314718056, 650 0.126026760102,
491221|652:652 -0.462098120373,
501220|653:653 -0.0, 651 0.069314718056, 654 7.13053250469e-08,
511220|654:654 -2.97105521029e-06, 655 0.00275058404984,
511221|655:655 -0.00275058404984,
521220|656:656 -0.0, 654 2.89974988524e-06,
451230|657:657 -5.19211371206,
461230|658:658 -2.23595864697, 657 5.19211371206,
471230|659:659 -0.80346259483, 658 2.23595864697,
481230|660:660 -0.0824782461399, 659 0.80346259483,
491230|661:661 -0.11610505537, 660 0.0824782461399,
491231|662:662 -0.0144405662617, 660 0.0189699966122,
501230|663:663 -6.21099624158e-08, 661 0.11610505537,
501231|664:664 -0.000288210885888, 662 0.0144405662617, 661 0.110299802602,
511230|665:665 -0.0, 663 6.21099624158e-08, 666 2.19628384208e-21,
521230|666:666 -2.19628384208e-21, 667 6.70355106925e-08,
521231|667:667 -6.70355106925e-08,
461240|668:668 -1.23754183282,
471240|669:669 -2.5815537451, 668 1.23754183282,
481240|670:670 -0.0403696668934, 669 2.5815537451,
491240|671:671 -0.216608493925, 670 0.0403696668934,
501240|672:672 -0.0, 671 0.216608493925,
511240|673:673 -1.3327190551e-07, 674 0.00596255639191,
511241|674:674 -0.00745319548989,
521240|675:675 -0.0, 673 1.3327190551e-07,
541240|676:676 -0.0,
461250|677:677 -3.78562086597,
471250|678:678 -1.81452141508, 677 3.78562086597,
481250|679:679 -0.427341048434, 678 1.81452141508,
491250|680:680 -0.297488060326, 679 0.427341048434,
491251|681:681 -0.0577622650467, 679 0.12820231453,
501250|682:682 -8.32209365542e-07, 680 0.297488060326,
501251|683:683 -0.00121349296317, 681 0.0577622650467, 680 0.208241642228,
511250|684:684 -7.92983846882e-09, 682 8.32209365542e-07,
521250|685:685 -0.0, 684 7.92983846882e-09, 686 1.38325120846e-07, 687 1.34380851123e-07,
521251|686:686 -1.38325120846e-07, 684 1.82386284783e-09,
531250|687:687 -1.34380851123e-07, 688 1.13259343229e-05,
541250|688:688 -1.13259343229e-05, 689 0.0121604768519,
541251|689:689 -0.0121604768519,
461260|690:690 -2.41514697059,
471260|691:691 -4.45753813865, 690 2.41514697059,
481260|692:692 -0.18405395129, 691 4.45753813865,
491260|693:693 -0.453037372915, 692 0.18405395129,
501260|694:694 -2.19628384208e-13, 693 0.453037372915,
511260|695:695 -6.47196247021e-07, 694 2.19628384208e-13, 696 8.51233379635e-05,
511261|696:696 -0.000608023842596, 694 2.19628384208e-13,
521260|697:697 -0.0, 695 6.47196247021e-07, 698 3.45033263212e-07,
531260|698:698 -6.16130827164e-07,
541260|699:699 -0.0, 698 2.71097563952e-07,
471270|700:700 -3.37791023665,
481270|701:701 -1.05181666246, 700 3.37791023665,
491270|702:702 -0.34657359028, 701 1.05181666246,
491271|703:703 -0.190425049604, 701 0.525908331229,
501270|704:704 -9.16861349947e-05, 702 0.34657359028,
501271|705:705 -0.00279494830871, 703 0.190425049604,
511270|706:706 -2.08402639976e-06, 704 9.16861349947e-05,
521270|707:707 -2.05926078598e-05, 706 2.08402639976e-06, 708 7.18317740737e-08,
521271|708:708 -7.35981291739e-08, 706 2.89679669567e-07,
531270|709:709 -0.0, 707 2.05926078598e-05, 710 2.20326503674e-07,
541270|710:710 -2.20326503674e-07, 711 0.00990210257943,
541271|711:711 -0.00990210257943,
471280|712:712 -6.76901543516,
481280|713:713 -0.537323395783, 712 6.76901543516,
491280|714:714 -0.187337075827, 713 0.537323395783,
501280|715:715 -0.000195804288294, 714 0.187337075827,
511280|716:716 -2.13670524217e-05, 715 0.000195804288294,
511281|717:717 -0.00111081278936, 715 0.000195804288294,
521280|718:718 -0.0, 716 2.13670524217e-05, 719 2.7744383478e-05,
531280|719:719 -0.000462406391301,
541280|720:720 -0.0, 719 0.000434662007823,
481290|721:721 -2.05255309612,
491290|722:722 -0.8664339757, 721 2.05255309612,
501290|723:723 -0.00154032706791, 722 0.8664339757,
501291|724:724 -0.00462098120373, 722 0.448812799413,
511290|725:725 -4.45753813865e-05, 723 0.00154032706791,
521290|726:726 -0.000165983520249, 725 4.45753813865e-05, 727 1.55200023205e-07,
521291|727:727 -2.38769266469e-07, 725 5.82600234721e-06,
531290|728:728 -1.39916669471e-15, 726 0.000165983520249,
541290|729:729 -0.0, 728 1.39916669471e-15, 730 1.0028171015e-06,
541291|730:730 -1.0028171015e-06,
481300|731:731 -1.3227999629,
491300|732:732 -1.30782486898, 731 1.3227999629,
501300|733:733 -0.00310549812079, 732 1.30782486898,
511300|734:734 -0.000288811325233, 733 0.00310549812079,
511301|735:735 -0.00183372269989, 733 0.00310549812079,
521300|736:736 -0.0, 734 0.000288811325233,
531300|737:737 -1.55763411362e-05, 738 0.00106539288864,
531301|738:738 -0.00128360588993,
541300|739:739 -0.0, 737 1.55763411362e-05,
561300|740:740 -0.0,
481310|741:741 -5.81011886471,
491310|742:742 -2.31049060187, 741 5.81011886471,
501310|743:743 -0.0110023361994, 742 2.31049060187,
511310|744:744 -0.000502280565623, 743 0.0110023361994,
521310|745:745 -0.000462098120373, 744 0.000502280565623, 746 1.42480253782e-06,
521311|746:746 -6.41802944963e-06, 744 3.41550784624e-05,
531310|747:747 -9.97764762574e-07, 745 0.000462098120373,
541310|748:748 -0.0, 747 9.97764762574e-07, 749 6.7426768537e-07, 750 8.27065650725e-07,
541311|749:749 -6.7426768537e-07, 747 1.10751888646e-08,
551310|750:750 -8.27065650725e-07, 751 6.79556059372e-07,
561310|751:751 -6.79556059372e-07, 752 0.000770163533955,
561311|752:752 -0.000770163533955,
481320|753:753 -4.78692804254,
491320|754:754 -5.77622650467, 753 4.78692804254,
501320|755:755 -0.017328679514, 754 5.77622650467,
511320|756:756 -0.00412587607476, 755 0.017328679514,
511321|757:757 -0.00275058404984,
521320|758:758 -2.46233456682e-06, 756 0.00412587607476,
531320|759:759 -8.37134276039e-05, 758 2.46233456682e-06,
541320|760:760 -0.0, 759 8.37134276039e-05, 761 1.21430861092e-06,
551320|761:761 -1.23909041931e-06,
561320|762:762 -0.0, 761 2.47818083861e-08,
491330|763:763 -6.0855766511,
501330|764:764 -0.471528694258, 763 6.0855766511,
511330|765:765 -0.00481352208722, 764 0.471528694258,
521330|766:766 -0.000927907872236, 765 0.00481352208722, 767 2.71086442457e-05,
521331|767:767 -0.000208528032659, 765 0.000105897485919,
531330|768:768 -9.25677324466e-06, 766 0.000927907872236, 769 0.0770163533955,
531331|769:769 -0.0770163533955, 767 0.000208528032659,
541330|770:770 -1.52945097211e-06, 768 9.25677324466e-06, 771 3.66356860761e-06,
541331|771:771 -3.66356860761e-06, 769 0.0770163533955, 768 2.66780204911e-07,
551330|772:772 -0.0, 770 1.52945097211e-06, 773 2.04528527754e-09,
561330|773:773 -2.04528527754e-09, 774 4.95055618458e-06,
561331|774:774 -4.95105128971e-06,
491340|775:775 -8.93922079649,
501340|776:776 -0.820583852918, 775 8.93922079649,
511340|777:777 -0.0630133800509, 776 0.820583852918,
511341|778:778 -0.0647801103327,
521340|779:779 -0.000276374473907, 777 0.0630133800509,
531340|780:780 -0.000219628384208, 779 0.000276374473907, 781 0.00305983890517,
531341|781:781 -0.00312228459712,
541340|782:782 -0.0, 780 0.000219628384208, 783 2.39016269159,
541341|783:783 -2.39016269159, 781 0.00312228459712,
551340|784:784 -1.06523310367e-08, 785 6.63934080996e-05,
551341|785:785 -6.63934080996e-05, 783 2.39016269159,
561340|786:786 -0.0, 784 1.06523310367e-08,
501350|787:787 -2.38113081608,
511350|788:788 -0.407733635623, 787 2.38113081608,
521350|789:789 -0.0361014156542, 788 0.407733635623,
531350|790:790 -2.9123831116e-05, 789 0.0361014156542,
541350|791:791 -2.11842047848e-05, 790 2.9123831116e-05, 792 0.000755556115718,
541351|792:792 -0.000755556115718, 790 4.48506999186e-06,
551350|793:793 -9.55011271094e-15, 791 2.11842047848e-05, 794 0.000217970811497,
551351|794:794 -0.000217970811497, 792 0.000755556115718,
561350|795:795 -0.0, 793 9.55011271094e-15, 796 6.71004047009e-06,
561351|796:796 -6.71004047009e-06, 794 0.000217970811497,
501360|797:797 -1.67832247109,
511360|798:798 -2.99674526831, 797 1.67832247109,
521360|799:799 -0.0330070085981, 798 2.99674526831,
531360|800:800 -0.00835117085012, 799 0.0330070085981,
531361|801:801 -0.0150684169687,
541360|802:802 -0.0, 800 0.00835117085012,
551360|803:803 -6.12320830883e-07,
561360|804:804 -0.0, 803 6.12320830883e-07, 805 2.25047785896,
561361|805:805 -2.25047785896, 803 1.0091047293e-07,
581360|806:806 -0.0,
511370|807:807 -2.44323997377,
521370|808:808 -0.198042051589, 807 2.44323997377,
531370|809:809 -0.0281767146569, 808 0.198042051589,
541370|810:810 -0.00301630626876, 809 0.0281767146569,
551370|811:811 -7.32171945241e-10, 810 0.00301630626876,
561370|812:812 -0.0, 811 7.32171945241e-10, 813 0.00452741463462, 814 3.66163328347e-13,
561371|813:813 -0.00452741463462, 811 6.92634660198e-10,
571370|814:814 -3.66163328347e-13, 815 2.13934314988e-05,
581370|815:815 -2.13934314988e-05, 816 5.54293787362e-06,
581371|816:816 -5.59892714507e-06,
511380|817:817 -5.31554586319,
521380|818:818 -0.422650719854, 817 5.31554586319,
531380|819:819 -0.108304246962, 818 0.422650719854,
541380|820:820 -0.000815275441731, 819 0.108304246962,
551380|821:821 -0.000358771832588, 820 0.000815275441731, 822 0.00298770336448,
551381|822:822 -0.00398360448598,
561380|823:823 -0.0, 821 0.000358771832588, 859 2.09346777578e-19, 824 1.09178816468e-19,
571380|824:824 -1.62710605765e-19,
581380|825:825 -0.0, 824 5.35317892968e-20,
511390|826:826 -4.03226981129,
521390|827:827 -1.63593858995, 826 4.03226981129,
531390|828:828 -0.288811325233, 827 1.63593858995,
541390|829:829 -0.0175480298876, 828 0.288811325233,
551390|830:830 -0.00122898436269, 829 0.0175480298876,
561390|831:831 -0.000139691088384, 830 0.00122898436269,
571390|832:832 -0.0, 831 0.000139691088384, 833 5.82966510143e-08,
581390|833:833 -5.82966510143e-08, 834 0.0123335797253, 835 4.3759291702e-05,
581391|834:834 -0.0123335797253,
591390|835:835 -4.3759291702e-05,
521400|836:836 -0.921860859902,
531400|837:837 -0.805985093674, 836 0.921860859902,
541400|838:838 -0.0509667044529, 837 0.805985093674,
551400|839:839 -0.0108643758708, 838 0.0509667044529,
561400|840:840 -6.27282516344e-07, 839 0.0108643758708,
571400|841:841 -4.78692804254e-06, 840 6.27282516344e-07,
581400|842:842 -0.0, 841 4.78692804254e-06, 879 1.04657584261e-23, 843 0.00340780324759,
591400|843:843 -0.00340780324759,
521410|844:844 -2.93955547311,
531410|845:845 -1.7328679514, 844 2.93955547311,
541410|846:846 -0.402992546837, 845 1.7328679514,
551410|847:847 -0.0277258872224, 846 0.402992546837,
561410|848:848 -0.000632433558905, 847 0.0277258872224,
571410|849:849 -4.89856664707e-05, 848 0.000632433558905,
581410|850:850 -2.46759409242e-07, 849 4.89856664707e-05,
591410|851:851 -0.0, 850 2.46759409242e-07, 852 7.70163533955e-05,
601410|852:852 -7.70163533955e-05,
521420|853:853 -1.41084302984,
531420|854:854 -3.53646520694, 853 1.41084302984,
541420|855:855 -0.568153426688, 854 3.53646520694,
551420|856:856 -0.407733635623, 855 0.568153426688,
561420|857:857 -0.00107966850555, 856 0.407733635623,
571420|858:858 -0.000124621931061, 857 0.00107966850555,
581420|859:859 -2.09346777578e-19, 858 0.000124621931061,
591420|860:860 -1.00645735525e-05, 861 0.000791263904749,
591421|861:861 -0.000791263904749,
601420|862:862 -0.0, 860 1.00645735525e-05, 899 9.90210257943e-10,
531430|863:863 -2.112609511,
541430|864:864 -2.31049060187, 863 2.112609511,
551430|865:865 -0.407733635623, 864 2.31049060187,
561430|866:866 -0.0509667044529, 865 0.407733635623,
571430|867:867 -0.000825175214952, 866 0.0509667044529,
581430|868:868 -5.83457222694e-06, 867 0.000825175214952,
591430|869:869 -5.9142250901e-07, 868 5.83457222694e-06,
601430|870:870 -0.0, 869 5.9142250901e-07, 908 2.05255309612e-19,
531440|871:871 -5.22341507581,
541440|872:872 -0.69314718056, 871 5.22341507581,
551440|873:873 -0.679556059372, 872 0.69314718056,
561440|874:874 -0.0630133800509, 873 0.679556059372,
571440|875:875 -0.017328679514, 874 0.0630133800509,
581440|876:876 -2.82226050717e-08, 875 0.017328679514,
591440|877:877 -0.000668415796104, 876 2.82226050717e-08, 878 0.00160354465799,
591441|878:878 -0.00160450736241, 876 3.3867126086e-10,
601440|879:879 -1.04657584261e-23, 877 0.000668415796104, 917 2.74513734875e-24,
621440|880:880 -0.0,
531450|881:881 -3.71262549845,
541450|882:882 -0.770163533955, 881 3.71262549845,
551450|883:883 -1.23776282243, 882 0.770163533955,
561450|884:884 -0.111797932348, 883 1.23776282243,
571450|885:885 -0.0239016269159, 884 0.111797932348,
581450|886:886 -0.00385081766978, 885 0.0239016269159,
591450|887:887 -3.2194481215e-05, 886 0.00385081766978,
601450|888:888 -0.0, 887 3.2194481215e-05, 925 2.19767653951e-24, 889 1.24086498489e-09,
611450|889:889 -1.24086498489e-09, 890 2.35924840218e-08,
621450|890:890 -2.35924840218e-08,
541460|891:891 -0.739593662569,
551460|892:892 -3.64814305558, 891 0.739593662569,
561460|893:893 -0.315066900255, 892 3.64814305558,
571460|894:894 -0.0835117085012, 893 0.315066900255,
581460|895:895 -0.000813553028826, 894 0.0835117085012,
591460|896:896 -0.000477374091295, 895 0.000813553028826,
601460|897:897 -0.0, 896 0.000477374091295, 898 2.51765787875e-09,
611460|898:898 -3.99628234722e-09,
621460|899:899 -9.90210257943e-10, 898 1.47862446847e-09,
541470|900:900 -2.62754806884,
551470|901:901 -1.24264464066, 900 2.62754806884,
561470|902:902 -0.311247050094, 901 1.24264464066,
571470|903:903 -0.069314718056, 902 0.311247050094,
581470|904:904 -0.00990210257943, 903 0.069314718056,
591470|905:905 -0.000962704417444, 904 0.00990210257943,
601470|906:906 -7.25352846965e-07, 905 0.000962704417444,
611470|907:907 -8.37235391424e-09, 906 7.25352846965e-07,
621470|908:908 -2.05255309612e-19, 907 8.37235391424e-09,
551480|909:909 -3.4382300623,
561480|910:910 -0.11746266405, 909 3.4382300623,
571480|911:911 -0.533190138892, 910 0.11746266405,
581480|912:912 -0.0161197018735, 911 0.533190138892,
591480|913:913 -0.00502280565623, 912 0.0161197018735,
601480|914:914 -0.0, 913 0.00502280565623,
611480|915:915 -1.49385168224e-06, 916 9.51911767025e-09,
611481|916:916 -1.94267707556e-07,
621480|917:917 -2.74513734875e-24, 915 1.49385168224e-06, 954 2.03388257207e-22,
551490|918:918 -2.4915427051,
561490|919:919 -0.755473766278, 918 2.4915427051,
571490|920:920 -0.242020663603, 919 0.755473766278,
581490|921:921 -0.69314718056, 920 0.242020663603,
591490|922:922 -0.00502280565623, 921 0.69314718056,
601490|923:923 -0.000111295308375, 922 0.00502280565623,
611490|924:924 -3.62714380199e-06, 923 0.000111295308375,
621490|925:925 -2.19767653951e-24, 924 3.62714380199e-06, 926 8.61711795063e-08,
631490|926:926 -8.61711795063e-08,
551500|927:927 -5.57192267331,
561500|928:928 -0.38572464138, 927 5.57192267331,
571500|929:929 -1.06884684743, 928 0.38572464138,
581500|930:930 -0.69314718056, 929 1.06884684743,
591500|931:931 -0.0558989661742, 930 0.69314718056,
601500|932:932 -0.0, 931 0.0558989661742,
611500|933:933 -7.18436132421e-05,
621500|934:934 -0.0, 933 7.18436132421e-05, 935 6.1054313638e-10,
631500|935:935 -6.1054313638e-10,
561510|936:936 -1.58687541337,
571510|937:937 -0.726874140688, 936 1.58687541337,
581510|938:938 -0.69314718056, 937 0.726874140688,
591510|939:939 -0.17328679514, 938 0.69314718056,
601510|940:940 -0.000931649436236, 939 0.17328679514,
611510|941:941 -6.7822620407e-06, 940 0.000931649436236,
621510|942:942 -2.44065908648e-10, 941 6.7822620407e-06,
631510|943:943 -0.0, 942 2.44065908648e-10,
561520|944:944 -0.918318999152,
571520|945:945 -2.24029470123, 944 0.918318999152,
581520|946:946 -0.049404645799, 945 2.24029470123,
591520|947:947 -0.0833309906901, 946 0.049404645799,
601520|948:948 -0.00100456113125, 947 0.0833309906901,
611520|949:949 -0.00281767146569, 948 0.00100456113125,
611521|950:950 -0.00154032706791,
621520|951:951 -0.0, 949 0.00281767146569, 952 1.16504281467e-09,
631520|952:952 -1.61497479161e-09,
631521|953:953 -2.06601246069e-05,
641520|954:954 -2.03388257207e-22, 952 4.49931976943e-10,
571530|955:955 -1.58578627445,
581530|956:956 -0.401824452499, 955 1.58578627445,
591530|957:957 -0.0895192019321, 956 0.401824452499,
601530|958:958 -0.0102627654806, 957 0.0895192019321,
611530|959:959 -0.00213934314988, 958 0.0102627654806,
621530|960:960 -4.12342165711e-06, 959 0.00213934314988,
631530|961:961 -0.0, 960 4.12342165711e-06, 962 3.3149076067e-08,
641530|962:962 -3.3149076067e-08,
571540|963:963 -3.95406263868,
581540|964:964 -0.193023442094, 963 3.95406263868,
591540|965:965 -0.53033449163, 964 0.193023442094,
601540|966:966 -0.017328679514, 965 0.53033449163,
611540|967:967 -0.00412587607476, 966 0.017328679514, 968 0.000641802944963,
611541|968:968 -0.00641802944963,
621540|969:969 -0.0, 967 0.00412587607476,
631540|970:970 -2.55396897774e-09,
641540|971:971 -0.0, 970 2.55396897774e-09,
571550|972:972 -3.12933264361,
581550|973:973 -0.972838148154, 972 3.12933264361,
591550|974:974 -0.366550597864, 973 0.972838148154,
601550|975:975 -0.0265981266523, 974 0.366550597864,
611550|976:976 -0.0189591679584, 975 0.0265981266523,
621550|977:977 -0.000520380766186, 976 0.0189591679584,
631550|978:978 -4.42905546684e-09, 977 0.000520380766186,
641550|979:979 -0.0, 978 4.42905546684e-09, 980 22.3595864697,
641551|980:980 -22.3595864697,
581560|981:981 -0.59651220358,
591560|982:982 -1.35804698386, 981 0.59651220358,
601560|983:983 -0.0118506955131, 982 1.35804698386,
611560|984:984 -0.052911998516, 983 0.0118506955131,
621560|985:985 -2.04830727116e-05, 984 0.052911998516,
631560|986:986 -5.28313399817e-07, 985 2.04830727116e-05,
641560|987:987 -0.0, 986 5.28313399817e-07,
661560|988:988 -0.0,
581570|989:989 -1.91635936013,
591570|990:990 -1.02249178427, 989 1.91635936013,
601570|991:991 -0.167063673309, 990 1.02249178427,
611570|992:992 -0.0101903437307, 991 0.167063673309,
621570|993:993 -0.00144405662617, 992 0.0101903437307,
631570|994:994 -1.26671633874e-05, 993 0.00144405662617,
641570|995:995 -0.0, 994 1.26671633874e-05, 996 1.46418922805e-10,
651570|996:996 -1.46418922805e-10, 997 2.37704794431e-05,
661570|997:997 -2.37704794431e-05,
591580|998:998 -2.63654309836,
601580|999:999 -0.0878624896134, 998 2.63654309836,
611580|1000:1000 -0.182359163525, 999 0.0878624896134,
621580|1001:1001 -0.000262655240834, 1000 0.182359163525,
631580|1002:1002 -0.000251687429397, 1001 0.000262655240834,
641580|1003:1003 -0.0, 1002 0.000251687429397,
661580|1004:1004 -0.0,
591590|1005:1005 -2.2067723036,
601590|1006:1006 -0.492292031648, 1005 2.2067723036,
611590|1007:1007 -0.163864581693, 1006 0.492292031648,
621590|1008:1008 -0.00427341048434, 1007 0.163864581693,
631590|1009:1009 -0.000638257072339, 1008 0.00427341048434,
641590|1010:1010 -1.03516604026e-05, 1009 0.000638257072339,
651590|1011:1011 -0.0, 1010 1.03516604026e-05, 1012 5.57120611947e-08,
661590|1012:1012 -5.57120611947e-08,
601600|1013:1013 -0.326802065328,
611600|1014:1014 -0.695721349553, 1013 0.326802065328,
621600|1015:1015 -0.00198552615457, 1014 0.695721349553,
631600|1016:1016 -0.0135911211874, 1015 0.00198552615457,
641600|1017:1017 -0.0, 1016 0.0135911211874,
651600|1018:1018 -1.10956808158e-07,
661600|1019:1019 -0.0, 1018 1.10956808158e-07,
601610|1020:1020 -1.24711619388,
611610|1021:1021 -0.583457222694, 1020 1.24711619388,
621610|1022:1022 -0.0538157748882, 1021 0.583457222694,
631610|1023:1023 -0.0164799614969, 1022 0.0538157748882,
641610|1024:1024 -0.00312228459712, 1023 0.0164799614969,
651610|1025:1025 -1.15930286095e-06, 1024 0.00312228459712,
661610|1026:1026 -0.0, 1025 1.15930286095e-06,
611620|1027:1027 -1.73330127672,
621620|1028:1028 -0.0353827044696, 1027 1.73330127672,
631620|1029:1029 -0.00256911482787, 1028 0.0353827044696,
641620|1030:1030 -0.00115524530093, 1029 0.00256911482787,
651620|1031:1031 -0.00154651312039, 1030 0.00115524530093,
651621|1032:1032 -8.63412033582e-05, 1030 2.31049060187e-05,
661620|1033:1033 -0.0, 1031 0.00154651312039,
681620|1034:1034 -0.0,
621630|1035:1035 -0.270443691206,
631630|1036:1036 -0.046708031035, 1035 0.270443691206,
641630|1037:1037 -0.007471673823, 1036 0.046708031035,
651630|1038:1038 -0.000592433487658, 1037 0.007471673823,
651631|1039:1039 -0.0016503504299,
661630|1040:1040 -0.0, 1038 0.000592433487658, 1041 6.66047057869e-10,
671630|1041:1041 -6.66047057869e-10, 1042 0.000154032706791,
681630|1042:1042 -0.000154032706791,
621640|1043:1043 -0.163208660363,
631640|1044:1044 -0.319422663853, 1043 0.163208660363,
641640|1045:1045 -0.000532780307886, 1044 0.319422663853,
651640|1046:1046 -0.00385081766978, 1045 0.000532780307886,
661640|1047:1047 -0.0, 1046 0.00385081766978,
681640|1048:1048 -0.0,
621650|1049:1049 -0.74740907975,
631650|1050:1050 -0.272035785149, 1049 0.74740907975,
641650|1051:1051 -0.00691763653253, 1050 0.272035785149,
651650|1052:1052 -0.0211647994064, 1051 0.00691763653253,
661650|1053:1053 -8.19322908463e-05, 1052 0.0211647994064, 1054 0.00896786758288,
661651|1054:1054 -0.00919781290552, 1052 0.0105823997032,
671650|1055:1055 -0.0, 1053 8.19322908463e-05, 1056 1.86932896591e-05,
681650|1056:1056 -1.86932896591e-05,
661660|1057:1057 -2.36246482808e-06,
671660|1058:1058 -7.18436132421e-06, 1057 2.36246482808e-06,
671661|1059:1059 -1.83033319398e-11,
681660|1060:1060 -0.0, 1058 7.18436132421e-06,
681670|1061:1061 -0.0, 1062 0.301368339374,
681671|1062:1062 -0.301368339374,
681680|1063:1063 -0.0,
701680|1064:1064 -0.0,
681690|1065:1065 -8.53461362983e-07,
691690|1066:1066 -0.0, 1065 8.53461362983e-07, 1067 2.50595509964e-07,
701690|1067:1067 -2.50595509964e-07,
681700|1068:1068 -0.0, 1069 9.10886483904e-11,
691700|1069:1069 -6.23894851989e-08, 1070 169060.287941,
691701|1070:1070 -169060.287941,
701700|1071:1071 -0.0, 1069 6.22983965505e-08,
681710|1072:1072 -2.56057325659e-05,
691710|1073:1073 -1.14399600687e-08, 1072 2.56057325659e-05,
701710|1074:1074 -0.0, 1073 1.14399600687e-08,
681720|1075:1075 -3.92940578549e-06,
691720|1076:1076 -3.0273723819e-06, 1075 3.92940578549e-06,
701720|1077:1077 -0.0, 1076 3.0273723819e-06,
691730|1078:1078 -2.33666120739e-05,
701730|1079:1079 -0.0, 1078 2.33666120739e-05,
701740|1080:1080 -0.0,
721740|1081:1081 -0.0,
701750|1082:1082 -1.91477121702e-06, 1083 10.3454803069,
701751|1083:1083 -10.3454803069,
711750|1084:1084 -0.0, 1082 1.91477121702e-06, 1085 1.14607668743e-07,
721750|1085:1085 -1.14607668743e-07,
701760|1086:1086 -0.0,
711760|1087:1087 -2.31049060187e-12,
711761|1088:1088 -5.21791012165e-05,
721760|1089:1089 -0.0, 1087 2.31049060187e-12,
701770|1090:1090 -0.000101337307099,
711770|1091:1091 -1.19569981121e-06, 1090 0.000101337307099, 1092 1.13868264429e-08,
711771|1092:1092 -5.17583020131e-08,
721770|1093:1093 -0.0, 1091 1.19569981121e-06,
721780|1094:1094 -0.0, 1095 0.17328679514,
721781|1095:1095 -0.17328679514,
721790|1096:1096 -0.0, 1097 0.0372659774495,
721791|1097:1097 -0.0372659774495,
721800|1098:1098 -0.0, 1099 3.50074333616e-05,
721801|1099:1099 -3.50074333616e-05,
731800|1100:1100 -1.37372205686e-21,
741800|1101:1101 -0.0, 1100 1.37372205686e-21,
721810|1102:1102 -1.89229369522e-07,
731810|1103:1103 -0.0, 1102 1.89229369522e-07, 1104 6.62031691079e-08,
741810|1104:1104 -6.62031691079e-08,
721820|1105:1105 -7.70163533955e-09,
731820|1106:1106 -6.97611896699e-08, 1105 7.70163533955e-09, 1107 0.000700148667232,
731821|1107:1107 -0.000700148667232,
741820|1108:1108 -0.0, 1106 6.97611896699e-08,
731830|1109:1109 -1.57304643373e-06,
741830|1110:1110 -0.0, 1109 1.57304643373e-06, 1111 0.133297534723,
741831|1111:1111 -0.133297534723,
741840|1112:1112 -0.0,
761840|1113:1113 -0.0,
741850|1114:1114 -1.06824724528e-07, 1115 0.00691763653253,
741851|1115:1115 -0.00691763653253,
751850|1116:1116 -0.0, 1114 1.06824724528e-07, 1117 8.53461362983e-08,
761850|1117:1117 -8.53461362983e-08,
741860|1118:1118 -0.0, 1119 1.38075434982e-07,
751860|1119:1119 -2.12423746126e-06,
761860|1120:1120 -0.0, 1119 1.98616202628e-06, 1133 1.15524530093e-13,
741870|1121:1121 -8.05610391167e-06,
751870|1122:1122 -1.38629436112e-12, 1121 8.05610391167e-06,
761870|1123:1123 -0.0, 1122 1.38629436112e-12,
741880|1124:1124 -1.15601597825e-07,
751880|1125:1125 -1.13389036571e-05, 1124 1.15601597825e-07, 1126 0.000617778235793,
751881|1126:1126 -0.000617778235793,
761880|1127:1127 -0.0, 1125 1.13389036571e-05,
741890|1128:1128 -0.00100456113125,
751890|1129:1129 -7.92349314769e-06, 1128 0.00100456113125,
761890|1130:1130 -0.0, 1129 7.92349314769e-06,
761900|1131:1131 -0.0, 1132 0.00116691444539,
761901|1132:1132 -0.00116691444539,
781900|1133:1133 -1.15524530093e-13,
761910|1134:1134 -5.20771735958e-07, 1135 1.48108371915e-05,
761911|1135:1135 -1.48108371915e-05,
771910|1136:1136 -0.0, 1134 5.20771735958e-07, 1137 2.67417893735e-06,
781910|1137:1137 -2.67417893735e-06,
761920|1138:1138 -0.0, 1139 5.18099065376e-09,
771920|1139:1139 -1.08388925811e-07, 1140 9.12014643556e-11,
771921|1140:1140 -9.12014643556e-11,
781920|1141:1141 -0.0, 1139 1.03207935157e-07,
761930|1142:1142 -6.21099624158e-06,
771930|1143:1143 -0.0, 1142 6.21099624158e-06, 1144 4.39591058194e-11,
781930|1144:1144 -4.39591058194e-11, 1145 1.86570623536e-06,
781931|1145:1145 -1.86570623536e-06,
761940|1146:1146 -3.66325881828e-09,
771940|1147:1147 -1.00543542292e-05, 1146 3.66325881828e-09,
771941|1148:1148 -21.6608493925,
781940|1149:1149 -0.0, 1147 1.00543542292e-05,
781950|1150:1150 -0.0, 1151 2.5549103596e-06,
781951|1151:1151 -2.5549103596e-06,
781960|1152:1152 -0.0,
801960|1153:1153 -0.0,
781970|1154:1154 -1.06967157494e-05, 1155 0.000140073492738,
781971|1155:1155 -0.000144405662617,
791970|1156:1156 -0.0, 1154 1.06967157494e-05, 1157 2.96216743829e-06,
801970|1157:1157 -2.96216743829e-06, 1158 7.54118460331e-06,
801971|1158:1158 -8.02253681204e-06,
781980|1159:1159 -0.0,
791980|1160:1160 -2.97351253226e-06,
801980|1161:1161 -0.0, 1160 2.97351253226e-06,
781990|1162:1162 -0.000385081766978, 1163 0.0491593745078,
781991|1163:1163 -0.0491593745078,
791990|1164:1164 -2.5549103596e-06, 1162 0.000385081766978,
801990|1165:1165 -0.0, 1164 2.5549103596e-06, 1166 0.000268661697891,
801991|1166:1166 -0.000268661697891,
792000|1167:1167 -0.000238687045647,
802000|1168:1168 -0.0, 1167 0.000238687045647, 1175 1.56996806498e-25,
802010|1169:1169 -0.0,
802020|1170:1170 -0.0,
802030|1171:1171 -1.72210479642e-07,
812030|1172:1172 -0.0, 1171 1.72210479642e-07,
802040|1173:1173 -0.0, 1174 1.2146595029e-10,
812040|1174:1174 -5.78409287097e-09,
822040|1175:1175 -1.56996806498e-25, 1174 5.66262692068e-09,
802050|1176:1176 -0.0021004460017,
812050|1177:1177 -0.0, 1176 0.0021004460017, 1178 2.31049060187e-09,
822050|1178:1178 -2.31049060187e-09,
812060|1179:1179 -0.00275714868958,
822060|1180:1180 -0.0, 1179 0.00275714868958, 1192 5.79554498796e-08,
812070|1181:1181 -0.00242189790552, 1194 0.00540850053564,
822070|1182:1182 -0.0, 1181 0.00242189790552, 1195 1.23776282243,
812080|1183:1183 -0.00376301400955, 1198 6.85515502271e-05,
822080|1184:1184 -0.0, 1183 0.00376301400955, 1199 2310490.60187, 1185 1.88355212109e-07,
832080|1185:1185 -1.88355212109e-07,
812090|1186:1186 -0.00525111500424, 1200 5.46622092008e-06,
822090|1187:1187 -5.83457222694e-05, 1186 0.00525111500424, 1201 165035.04299,
832090|1188:1188 -0.0, 1187 5.83457222694e-05,
822100|1189:1189 -9.85003809237e-10, 1204 4218.78989994,
832100|1190:1190 -1.60080180268e-06, 1189 9.85003809237e-10,
832101|1191:1191 -2.31049060187e-08,
842100|1192:1192 -5.79554498796e-08, 1190 1.60080180268e-06,
822110|1193:1193 -0.000320012548735, 1205 389.408528404,
832110|1194:1194 -0.00542368685884, 1193 0.000320012548735,
842110|1195:1195 -1.23776282243, 1194 1.51863232048e-05,
842111|1196:1196 -0.0277258872224,
822120|1197:1197 -1.80978376125e-05, 1206 4.62098120373,
832120|1198:1198 -0.000190791957214, 1197 1.80978376125e-05,
842120|1199:1199 -2310490.60187, 1198 0.000122240406987,
832130|1200:1200 -0.000253065783337, 1207 21.4596650328,
842130|1201:1201 -165035.04299, 1200 0.000247599562417,
822140|1202:1202 -0.000431061679453, 1208 0.00378693197335,
832140|1203:1203 -0.000580525276851, 1202 0.000431061679453,
842140|1204:1204 -4218.78989994, 1203 0.000580403366543, 1209 19.8042051589,
842150|1205:1205 -389.408528404, 1210 0.175037166808,
842160|1206:1206 -4.62098120373, 1211 0.0124666759094,
852170|1207:1207 -21.4596650328, 1212 0.00240676104361,
842180|1208:1208 -0.00378768951126, 1213 2.09790308886e-06,
862180|1209:1209 -19.8042051589, 1214 0.0182407152779,
862190|1210:1210 -0.175037166808, 1216 7.01636988116e-07,
862200|1211:1211 -0.0124666759094, 1217 2.19211632056e-06,
872210|1212:1212 -0.00240676104361, 1219 8.02253681204e-07,
862220|1213:1213 -2.09790308886e-06, 1220 1.37284052398e-11,
882220|1214:1214 -0.0182407152779, 1221 0.000372659774495,
872230|1215:1215 -0.000529929037125, 1222 1.39214540703e-11,
882230|1216:1216 -7.01636988116e-07, 1215 0.000529897241383, 1223 4.28662449326e-07,
882240|1217:1217 -2.19211632056e-06, 1226 1.14816495041e-08,
882250|1218:1218 -5.41944629054e-07, 1227 2.99286347392e-12,
892250|1219:1219 -8.02253681204e-07, 1218 5.41944629054e-07,
882260|1220:1220 -1.37284052398e-11, 1228 2.85245753317e-13,
902260|1221:1221 -0.000372659774495, 1229 3.85698885194e-07,
892270|1222:1222 -1.00880101959e-09, 1231 6.70355106925e-13,
902270|1223:1223 -4.28662449326e-07, 1222 9.94879565519e-10, 1232 1.0505123982e-10,
882280|1224:1224 -3.28053028503e-09, 1233 1.56325480505e-18,
892280|1225:1225 -3.14067594273e-05, 1224 3.28053028503e-09,
902280|1226:1226 -1.14816495041e-08, 1225 3.14067594273e-05, 1235 3.0508238581e-10,
902290|1227:1227 -2.99286347392e-12, 1238 1.38574006509e-13,
902300|1228:1228 -2.85245753317e-13, 1242 8.98324495282e-14,
922300|1229:1229 -3.85698885194e-07,
902310|1230:1230 -7.54486971329e-06, 1244 3.12087879586e-17,
912310|1231:1231 -6.70355106925e-13, 1230 7.54486971329e-06, 1245 2.83578624425e-13, 1232 1.91002254219e-06,
922310|1232:1232 -1.91002254219e-06,
902320|1233:1233 -1.56325480505e-18, 1246 9.38079822114e-16,
912320|1234:1234 -6.12320830883e-06,
922320|1235:1235 -3.0508238581e-10, 1234 6.12320830883e-06, 1249 7.70420340736e-09,
902330|1236:1236 -0.000522735430287,
912330|1237:1237 -2.97105521029e-07, 1236 0.000522735430287, 1251 1.02642852149e-14,
922330|1238:1238 -1.38574006509e-13, 1237 2.97105521029e-07, 1252 5.80578321924e-12,
902340|1239:1239 -3.32923717848e-07, 1253 4.91593745078e-18,
912340|1240:1240 -2.87374452968e-05, 1239 3.32923717848e-07, 1241 1.28360588993e-05,
912341|1241:1241 -0.00987389146097, 1239 3.32923717848e-07,
922340|1242:1242 -8.98324495282e-14, 1240 2.87374452968e-05, 1255 2.5032400887e-10,
912350|1243:1243 -0.000479354896653,
922350|1244:1244 -3.12087879586e-17, 1243 0.000479354896653, 1258 9.12756361022e-13, 1245 2.02535904688e-08,
932350|1245:1245 -2.02556160304e-08, 1259 1.61799061755e-09,
922360|1246:1246 -9.38079822114e-16, 1263 3.35989908173e-12, 1247 1.73812051339e-13,
932360|1247:1247 -1.91002254219e-13, 1264 7.20054479532e-12,
932361|1248:1248 -8.55737259951e-06,
942360|1249:1249 -7.70420340736e-09, 1247 1.71902028797e-14,
922370|1250:1250 -1.18852397215e-06, 1267 3.73725922617e-14,
932370|1251:1251 -1.02642852149e-14, 1250 1.18852397215e-06, 1268 5.08172419765e-11, 1252 1.75932824825e-07,
942370|1252:1252 -1.75932824825e-07, 1269 2.22848244779e-09,
922380|1253:1253 -4.91593745078e-18, 1270 5.67688108567e-14,
932380|1254:1254 -3.78976041859e-06,
942380|1255:1255 -2.5032400887e-10, 1254 3.78976041859e-06, 1273 4.91593745078e-08,
922390|1256:1256 -0.000490897436657,
932390|1257:1257 -3.4061286514e-06, 1256 0.000490897436657, 1275 2.97615792426e-12,
942390|1258:1258 -9.12756361022e-13, 1257 3.4061286514e-06, 1276 7.6882769327e-10, 1259 1.61782881849e-05,
952390|1259:1259 -1.61799061755e-05,
922400|1260:1260 -1.36553818077e-05, 1277 2.65533597708e-16,
932400|1261:1261 -0.000177730046297, 1260 1.36553818077e-05,
932401|1262:1262 -0.00156114229856, 1260 1.36553818077e-05,
942400|1263:1263 -3.35989908173e-12, 1261 0.000177730046297, 1280 1.21285595899e-09, 1264 3.78976041859e-06,
952400|1264:1264 -3.78976041859e-06,
922410|1265:1265 -0.69314718056,
932410|1266:1266 -0.000722028313083, 1265 0.69314718056,
942410|1267:1267 -1.52541192905e-09, 1266 0.000722028313083, 1283 2.58444138911e-12,
952410|1268:1268 -5.08172419765e-11, 1267 1.52537455646e-09, 1269 2.20619762331e-07,
962410|1269:1269 -2.22848244779e-07,
942420|1270:1270 -5.67688108567e-14, 1286 4.64125409515e-12, 1271 2.07932134969e-06,
952420|1271:1271 -1.20191985531e-05, 1272 1.43773492737e-10,
952421|1272:1272 -1.444959726e-10,
962420|1273:1273 -4.91593745078e-08, 1271 9.93987720345e-06,
942430|1274:1274 -3.88535415112e-05, 1287 1.40797721016e-15,
952430|1275:1275 -2.97615792426e-12, 1274 3.88535415112e-05,
962430|1276:1276 -7.70677318835e-10,
942440|1277:1277 -2.65879240721e-16, 1288 5.94292732192e-14,
952440|1278:1278 -1.90634538108e-05, 1277 3.45643012937e-19,
952441|1279:1279 -0.000444325115744,
962440|1280:1280 -1.21285595899e-09, 1278 1.90634538108e-05,
942450|1281:1281 -1.81642342914e-05,
952450|1282:1282 -9.30149195598e-05, 1281 1.81642342914e-05, 1290 3.63494904814e-13,
962450|1283:1283 -2.58444138911e-12, 1282 9.30149195598e-05, 1291 6.26715353128e-11,
942460|1284:1284 -7.39404314473e-07, 1292 9.95901121494e-07,
952460|1285:1285 -0.000462098120373, 1284 7.39404314473e-07,
962460|1286:1286 -4.64264688922e-12, 1285 0.000462098120373, 1294 1.67779230333e-09,
962470|1287:1287 -1.40797721016e-15, 1297 2.44582632519e-11,
962480|1288:1288 -6.47801103327e-14, 1298 8.06881600818e-09,
962490|1289:1289 -0.000180085004043, 1299 1.39620289781e-09,
972490|1290:1290 -2.50686141251e-08, 1289 0.000180085004043, 1300 3.91916795898e-07,
982490|1291:1291 -6.26715353128e-11, 1290 2.50682506302e-08,
962500|1292:1292 -3.98360448598e-06, 1301 4.1107213417e-10,
972500|1293:1293 -5.97540672897e-05, 1292 2.98770336448e-06, 1302 2.90987914836e-08,
982500|1294:1294 -1.67913561182e-09, 1293 5.97540672897e-05,
962510|1295:1295 -0.69314718056,
972510|1296:1296 -0.000202674614199, 1295 0.69314718056, 1305 2.05706072103e-07,
982510|1297:1297 -2.44582632519e-11, 1296 0.000202674614199,
982520|1298:1298 -8.32609225898e-09,
982530|1299:1299 -4.50388031553e-07,
992530|1300:1300 -3.91916795898e-07, 1299 4.48991828655e-07,
982540|1301:1301 -1.32603914249e-07,
992540|1302:1302 -2.90987914836e-08, 1301 1.32192842114e-07, 1303 7.57915386151e-08,
992541|1303:1303 -4.89925912185e-06,
982550|1304:1304 -0.000128360588993,
992550|1305:1305 -2.05706072103e-07, 1304 0.000128360588993,
